-3.097157 -6.375058 -2.168704
-6.963738 -45.409528 131.902487
-0.057461 -0.718542 -0.467712
-13.739624 0.849582 4.577108
0.274873 -0.568787 -1.513219
-1.163038 -0.846410 -4.769273
-6.324609 -10.012079 1.918096
-1.896301 -0.689140 0.404110
-0.649364 0.098001 -1.150768
0.208059 1.160304 2.474980
2.177995 2.019109 9.254226
6.682615 13.822711 3.883512
5.258667 2.993606 -1.352060
-8.802015 -11.333534 4.863256
0.439223 1.852975 -1.129209
-0.302733 0.203527 -0.598003
5.136055 -0.751347 -0.953477
0.166694 0.406558 0.844169
4.341946 -2.792116 -0.894071
103.576406 4.957751 -25.571876
2.407786 -3.181810 1.040976
-0.182706 0.445382 0.199537
6.598042 1.712981 22.013472
0.677042 0.780746 3.542000
19.809440 5.240609 -4.965527
-0.316096 0.294776 -0.335322
-0.000561 0.317949 -0.088480
0.004661 -2.739416 -5.905904
3.132228 -0.983286 -0.066047
-1.204256 -3.901401 -0.951495
2.094224 0.197842 -2.982423
8.147473 -6.510992 4.510749
-0.300455 0.179391 -0.225974
0.198102 0.218454 -0.090401
-0.310553 0.090309 0.220840
1.765571 1.454691 0.491397
0.498799 1.857097 0.799141
0.152972 0.528133 1.214694
0.452677 -0.216902 1.254972
-0.317484 0.118222 -0.598003
0.547845 -0.504785 -2.068465
0.163154 0.530519 1.171709
0.136915 -0.253531 0.530157
-15.507986 -0.728053 24.413859
-0.253372 0.151823 -0.317805
-2.523783 -18.810183 -57.453407
-0.625362 0.210090 -2.530362
-1.864018 2.653592 2.092848
0.249853 0.286020 0.630921
101.428582 7.934759 -30.750073
2.054946 -1.656154 -0.382466
5.214625 -2.295623 1.387963
-1.266304 0.594756 -3.464053
-1.015297 -0.170367 0.648974
0.279268 -0.035503 1.364860
-0.212846 3.821425 -0.358608
-1.092782 -0.352592 -3.513537
-0.085304 0.495489 0.677509
-0.591711 -0.123489 -0.807549
0.777184 1.367005 -4.606104
-0.746913 -0.168016 -2.295467
-0.473242 0.126970 -1.078281
-0.025098 0.348049 0.734427
-0.482414 0.579616 -2.289373
-0.181849 0.218694 -0.111346
0.018408 0.386089 0.690927
-0.110921 -0.666848 -0.644235
0.114739 0.399020 1.222061
-0.062830 0.496784 1.732906
0.143102 0.515811 1.383281
-0.336381 -4.109741 -0.222828
0.019278 0.381445 1.108034
1.957042 -1.862834 0.059961
-1.670855 -4.334658 0.843905
-0.236020 0.254543 -0.674099
0.048114 -1.700478 -2.405003
11.230697 1.291976 -4.098472
-0.970363 -0.053488 -2.566587
0.283808 -0.521896 -0.109617
-7.776812 0.327045 -30.943362
-0.710389 -5.107418 1.271000
0.374104 0.156824 1.249050
-0.106921 2.946950 -0.711939
-0.136729 0.240040 0.511880
0.109254 0.297574 0.542950
0.095088 0.404267 0.785313
12.058668 5.486258 -3.908208
2.665408 -2.453963 -0.076422
-0.387706 0.020306 -0.897832
0.089329 0.503129 1.291601
2.808202 -1.962567 -0.157839
3.483408 -2.335467 0.164806
0.178284 0.571931 1.320421
1.426213 -3.112899 -0.266222
18.723383 -8.467887 -8.257488
0.144146 -0.757220 0.374855
5.139465 -0.651954 -0.854725
-0.678923 1.527669 0.041478
-0.013510 0.440439 0.462804
3.686304 -5.433405 -1.396848
3.831619 4.729910 2.344346
-0.724320 -0.428243 2.243001
-1.077546 -0.688074 -1.379576
0.689522 -0.616012 -0.695736
10.124319 3.012151 -2.434102
-0.527857 0.137161 -1.095855
-2.004145 -5.782521 1.058668
12.521111 4.369713 -3.905842
2.778503 -1.981644 -0.111078
-0.563883 -1.102570 1.018451
-10.970270 -10.676951 5.476790
-4.967757 -3.373179 -5.005336
2.002140 -1.188973 -0.344718
-0.281862 -0.401849 1.815043
-0.587186 0.264118 2.140563
-1.240009 -3.705952 1.068304
-2.233537 -3.624002 0.659505
-237.073834 9.749665 64.934424
-0.642250 -0.153846 -1.150160
3.737378 1.149612 0.792011
-1.466962 -0.295795 3.461107
2.686248 -3.953916 -0.466421
-0.108589 2.112475 -0.724713
0.143660 0.534477 0.835676
8.170607 -0.215307 -2.266997
0.289726 0.723399 0.962579
1.189883 -2.756524 -0.735867
-1.695715 -8.125087 1.937956
-0.535665 -0.952585 0.744363
-6.429612 -2.092221 -4.251028
-806.203229 175.516220 284.519208
-14.371351 6.835837 -5.203217
-1.125139 0.974770 -0.161437
1.313251 -3.971751 -0.809868
10.287500 3.692405 -2.319860
-0.232934 0.109607 -0.236882
1.627099 -3.087052 -0.348874
-0.162774 -0.332680 -0.139013
3.446612 -1.322752 -0.153544
-0.331963 0.123004 -0.161755
0.770144 -2.650600 0.197313
-0.046684 0.169194 -0.077104
-3.017932 -0.824352 0.338794
0.432087 0.621331 2.269472
-6.216289 4.168334 -2.028294
6.057879 3.040372 -2.131804
-1.966787 -1.589496 1.062223
-0.375156 0.013760 0.128771
-2.867206 1.614779 -6.905165
-0.121487 0.482981 1.481763
0.524002 -0.193341 0.484967
-1.631833 -0.742292 -4.834709
-16.082106 -18.166188 8.222225
25.086687 9.752277 -9.976515
-0.020396 0.462454 0.910360
0.380853 -0.349069 -1.893951
2.410122 -2.070399 -0.166071
-7.586263 -1.081650 12.709849
-0.164732 0.012644 0.172707
-0.332931 -0.059828 -1.205450
-29.311748 19.281041 9.928966
-0.942759 -0.399543 -2.618627
-0.655510 -0.203173 -3.081921
0.313861 0.096788 -0.063428
0.458373 2.492559 1.257403
20.992490 7.949995 -7.033374
-0.246161 -4.208440 1.023940
-1.841888 -8.847888 2.538047
-11.128556 -20.075822 1.699429
-1.842506 0.237075 -5.764293
-0.289585 0.202840 -0.355377
-1.380149 -0.104777 -5.992716
-0.140700 0.256442 -0.736462
-1.625131 -0.505914 -5.487024
0.232557 0.475459 0.909662
-0.816676 -9.718465 3.954522
-4.468257 -2.525767 -18.368294
0.008696 0.348750 -0.030267
2.195403 -1.833945 -0.402145
4.249145 2.285880 -1.191852
-0.011985 0.496710 0.989840
0.011688 0.279749 -0.106374
0.085037 -0.132118 0.555457
2.606839 -0.061209 0.658989
0.403508 0.024435 -0.519391
0.041941 0.506042 1.145560
-0.083433 0.181208 -0.152292
-2.444187 0.314576 -0.473906
-0.150220 0.290675 -0.126470
4.804461 1.401634 -1.606019
0.622649 -2.057119 0.216706
-0.296293 0.287326 -1.859608
0.294254 0.401935 1.645670
0.136690 0.415664 0.404759
0.248621 0.375097 -0.362003
-0.008743 0.257570 -0.131358
1.973150 -2.730058 -0.320488
2.349122 -2.412389 0.133702
-1.376762 -0.772349 -4.714913
-0.264463 0.194392 0.077492
2.561835 -2.245263 0.330685
16.379616 1.078046 -3.638336
0.154797 0.171853 0.098747
-3.391190 -2.251535 1.143366
0.164998 -0.868185 -1.426453
-0.257400 0.214972 -0.259380
0.060155 0.305203 -0.462929
2.336844 2.100078 -0.800383
0.026596 0.223013 1.501530
-0.305816 -3.352157 1.037004
-20.554207 4.359710 6.409302
11.922949 -23.416877 9.337357
12.024479 -5.895264 -2.600942
0.354135 0.297488 2.325427
7.821637 3.699386 2.473591
0.762219 -0.138547 -0.736992
-0.120095 0.397296 0.669429
0.650920 0.214091 1.829805
1.254136 -2.388510 0.152640
-0.135736 -0.703977 0.046382
0.051754 0.351606 -0.025895
10.796000 4.294581 -4.443732
0.479561 0.215802 1.166622
-7.449288 4.552754 2.415972
0.983773 -2.478761 0.105615
1.272123 1.149296 0.105645
-0.357334 0.239922 -0.918214
5.469615 1.591201 -1.344921
-0.176916 0.280944 0.299301
15.277026 5.420195 -2.908523
0.483585 -0.011559 -0.534748
-6.468950 -7.746806 2.176870
0.351682 0.498316 -0.388575
-1.579690 0.319266 -0.691570
3.534008 -0.813812 -0.951506
2.257368 1.642682 8.475847
8.581325 8.020928 -7.103742
-1.074045 -0.003695 -3.628538
0.039814 0.685864 0.998572
-0.263551 0.345619 -0.824099
0.146885 -0.282135 0.674984
-0.296942 0.174236 -0.539425
-0.257800 0.257136 -0.265288
-1.097963 -0.163023 -3.601580
0.060133 0.341734 0.949940
-32.379699 -41.406751 10.037575
1.243595 -1.086632 0.124412
0.390555 -0.487086 -0.496170
1.602678 -3.047130 -0.300839
0.224854 0.585055 -0.529093
0.081762 0.270407 -0.054257
2.200426 -6.323932 -1.041936
3.594907 -2.770866 -0.327862
0.290634 -14.828879 27.368608
-0.895095 -5.364225 1.703649
-0.658179 -0.264414 -2.417859
2.094237 -1.964308 -0.268534
0.793090 0.929316 3.182417
-1.688568 -0.300048 -2.315736
-0.210783 0.228766 -0.192496
2.173694 -5.420947 -0.042951
-9.313877 -7.845034 4.330220
1.126461 -3.402039 0.573476
0.399673 -3.161540 3.317312
-0.282888 0.194043 -0.054608
0.428480 -0.551667 -1.012133
1.087764 -2.760103 0.332681
-0.325578 0.095851 0.056295
-0.781173 1.558139 -0.206572
-0.185054 0.486116 0.387892
-22.106047 17.309977 -9.709186
-1.228932 -4.167332 1.089214
0.248784 0.286966 -0.144945
0.286891 0.474746 1.163709
-0.181659 0.200758 -0.056951
2.371132 -2.146600 -0.077855
-0.336063 -0.520006 0.163615
-5.800260 -7.779579 4.355861
0.146530 0.562208 1.545376
0.089413 -1.213406 -5.183941
-0.913007 1.756474 -0.633272
-18.836488 -8.284818 3.995753
0.953830 -0.507493 -1.489498
-5.145498 -1.585170 1.198180
0.366724 0.578798 2.334220
-0.107752 0.228493 -0.396932
18.036422 36.301130 -12.422614
39.437402 6.354157 -10.934586
9.890710 4.112905 -1.418341
-0.706175 -3.511171 1.088059
-0.081929 0.383771 1.048521
-1.298106 -2.486226 0.466253
1.294634 -0.463867 0.198796
8.841867 -6.079342 4.023300
0.200464 0.326424 0.171685
0.623766 1.518337 3.875318
-0.254607 -0.547229 -0.030427
-0.384839 0.146060 -1.152178
2.430514 -0.276156 -1.127608
38.559004 -27.843676 -10.519852
-0.337934 0.431320 -0.363950
37.897014 36.196961 -23.265291
3.330540 -2.907760 0.024352
-0.268648 0.082030 -1.682134
-0.157626 0.304920 0.022985
-7.690143 -15.946574 -5.152168
0.045382 0.258770 0.013173
-0.463595 -0.317095 -1.977339
0.767654 -0.318253 -0.618992
-1.264215 -6.205829 0.919265
-0.741131 0.088074 -1.908579
-0.334729 0.226312 -0.205218
-2.336395 -1.070537 -1.847180
-0.222880 0.211244 -0.004952
0.457677 0.458694 -0.581793
-0.420085 0.107361 -0.863132
2.280124 3.615058 -0.950385
-14.749443 47.538511 -65.446727
-0.122968 0.326584 -0.820829
0.376175 0.293481 0.903575
0.571478 -5.106590 1.310802
1.060436 0.622011 -0.154648
-8.171860 -3.772881 -6.359169
-6.766402 -8.563954 2.647517
-4.935643 0.473059 -0.583337
4.926925 -1.139829 0.658084
9.126868 -6.862479 -3.874709
2.637825 -0.361436 9.386771
-0.211765 0.414485 0.423503
-0.055321 1.061038 2.269883
-2.661067 -4.345606 1.023266
-5.893672 -3.152073 1.120505
-2.524356 -9.906536 1.993733
-0.012269 -5.888542 1.682818
-0.196375 0.640379 1.475422
-0.999830 -0.219723 1.119539
0.100865 0.296493 0.619708
1.527999 1.335402 0.355330
-0.118691 0.272460 -0.204618
0.844324 -4.657150 1.803950
-3.725991 -0.839100 -0.154342
-0.321103 0.071704 -0.160005
5.791873 -4.290300 -0.182749
-0.236853 0.317646 -0.608313
-1.638483 -0.593159 -0.543491
-0.105520 -0.305995 -0.001857
-1.011687 -0.498828 0.722422
2.146622 4.931062 -0.956827
-1.764412 -2.764069 0.829355
2.485480 -1.708373 0.264467
4.688266 -4.074592 -0.336722
-7.009712 -7.145285 3.103165
-37.173670 20.900145 14.985926
-0.302090 1.069811 -3.997334
-6.333608 -4.412168 2.672234
-0.590046 1.649217 0.428558
-0.186462 0.391910 -1.034151
2.397615 -2.071881 -0.323348
4.486031 -0.746817 -1.542731
-0.453439 0.019018 -0.956944
-59.132379 6.317029 -43.305594
33.280231 3.615055 -11.255138
-0.850997 0.211791 1.031404
0.383473 1.893890 1.071933
0.028802 -7.224874 1.425860
1.208354 0.674643 0.334958
-0.723107 0.576885 -0.212106
7.690787 4.935060 -1.925546
0.121848 -0.447152 -1.518804
213.854415 294.540316 79.773628
3.348913 -1.986823 -0.257388
0.675338 1.449990 4.494683
-0.547134 1.415442 0.447778
-0.314986 0.179380 0.425986
-2.611622 -0.484957 -8.061281
-5.174989 -5.788906 1.934704
-1.744517 -5.274852 1.449030
-0.626846 -0.076367 -2.349403
-1.301514 -0.802325 -3.693675
-1.787145 0.411838 0.734312
-2.047774 -0.463142 -8.792207
-1.681256 -2.500110 0.511086
3.323380 -0.626534 -0.719597
-2.238488 -3.029115 0.779761
-11.581358 17.068456 11.791900
-0.542036 0.955520 3.398871
1.740626 0.612780 0.363298
2.241755 -3.999447 -0.214674
-0.945707 -0.548995 -3.209837
0.690700 -0.061947 0.911653
-0.576922 -4.961177 1.241312
2.663662 -4.483803 -0.180059
-1.101376 -0.234452 -2.604652
1.875111 -3.262552 -0.781537
-33.288948 -62.060138 -19.713362
-1.886936 -0.637208 -4.277507
-0.227182 0.357937 -0.585468
-0.363578 0.033689 0.421241
6.429899 0.934873 -1.414285
-1.588960 -5.501012 1.426604
0.148377 0.468741 1.441941
-60.898685 -26.130760 22.422305
2.484968 -1.867779 -0.011913
-0.056491 0.209167 0.609025
1.320082 2.225500 6.531985
2.253684 -0.012799 0.848516
-28.891968 -15.728429 11.687010
0.035992 0.190914 0.220304
-3.536404 -7.014375 -25.693348
2.040528 -1.841051 -0.157923
17.779560 4.906346 -6.778275
0.910432 -0.198140 -0.865844
-0.537713 0.218378 -0.792202
-0.089328 -0.900141 -2.105662
-7.031701 -1.926481 2.786505
0.892171 0.990926 0.229270
-0.844204 -0.351408 -2.112288
-0.029566 0.521101 1.199828
3.731049 -0.985125 -0.693883
-0.228236 0.330889 0.099792
0.378277 -0.245932 1.217481
-0.274480 -0.115433 -1.081213
4.212301 2.984642 -1.175073
-0.412046 0.138535 0.743773
-1.977542 -0.278992 0.551828
-2.738639 -0.366661 4.795379
-0.239396 0.033677 0.090015
2.302397 -1.017404 0.257116
-9.150365 1.971592 10.947114
12.337895 -10.311549 -7.070869
1.627709 -2.307146 -0.316008
-0.873725 -0.341009 -3.252906
-0.895216 -5.622829 1.756456
2.477798 -1.392554 -0.330885
-7.446720 -1.820896 1.547661
2.869460 -2.520362 -0.185162
-1.064451 -0.227547 -3.842574
2.765484 -3.673452 -0.760293
-0.724119 -4.359834 0.615623
0.528286 3.678364 -0.867805
-1.228817 4.308511 -5.543962
0.144594 -0.796416 -0.500955
11.457649 4.149321 -4.022878
-0.290104 0.009937 -0.204657
-3.333345 -3.704851 1.487880
-0.352522 -3.765330 0.849196
-1.261808 -4.204357 0.906199
-0.587087 0.079457 -1.089840
2.562054 -0.761271 -0.845594
-0.606183 0.458076 -3.168608
7.357743 3.965757 -2.284878
-7.771538 0.687314 -4.469106
-0.210938 0.417228 -0.518876
3.571469 -1.409668 -0.819831
12.363270 4.974539 -4.124636
-0.312628 0.268504 -0.181479
-4.859349 -4.662236 1.463348
-0.312496 0.213367 -0.122224
-0.270469 0.303469 0.649549
2.161828 -2.751425 -0.482697
-0.040897 -2.633052 -2.489338
-0.209446 0.208600 -0.051636
2.023154 -2.392178 0.142827
0.611838 -3.577926 0.605591
-0.123779 0.434208 -1.355299
-0.392983 0.192672 -0.251242
-31.246366 -32.144370 12.344328
-1.206287 4.390339 -0.087843
-1.869565 1.048830 2.911390
-88.931896 107.862436 -45.055445
-0.334279 -0.658546 -0.087817
0.724046 1.359993 -0.181505
12.774023 16.981266 -6.397265
0.038662 0.636970 1.917532
-0.416900 0.127331 -0.567598
2.123867 3.277428 0.162301
-2.372971 -4.029743 0.861199
-1.115145 -0.507538 -3.448606
0.328440 -3.331522 0.158882
3.791535 -0.685364 -0.563007
-11.529611 6.036517 -46.544403
-0.087950 0.220040 -0.072305
3.044146 -2.744664 -0.163663
5.270783 -0.574343 -0.986282
-0.246018 0.337853 0.502758
-1.157968 -3.339613 0.874332
11.204264 1.217421 -3.644687
-0.293358 0.094703 -0.220279
-0.596546 0.270260 -0.817335
4.537208 -0.951782 -0.648041
-0.377629 -0.635881 -0.026460
0.122819 0.260095 1.323299
-0.495442 0.134002 -0.952359
1.294411 2.148526 1.151515
-1.127228 2.789524 -1.045060
1.517868 1.020875 5.232946
0.209596 -3.282404 0.059223
-0.126119 0.406682 0.478166
0.158646 0.439656 0.390497
2.699084 -1.128401 0.172831
0.994225 -1.389941 -1.513618
0.024856 3.382137 -1.514042
2.640505 -0.518752 -0.109245
-1.552913 -5.089833 0.985580
-1.258667 -3.613582 1.595598
-0.201798 0.259937 -0.080589
-28.254649 -8.560134 5.674734
-0.283764 0.219508 0.283677
0.310063 -0.003387 0.173698
0.199494 0.207646 -0.060465
0.153979 0.629674 1.010139
1.762923 -2.302753 -0.154407
0.210893 -0.305938 0.930074
0.629594 -0.448750 0.799194
-12.717805 -16.890222 3.649846
-0.186359 0.206681 -0.437243
2.866826 -0.789446 -0.396371
0.179883 0.250218 0.644110
4.762419 -5.766388 3.505836
2.429803 -2.330377 -0.088910
0.298451 0.356828 2.986310
8.940630 6.435549 2.960434
1.040480 -1.003906 -0.308904
-0.062091 0.502014 0.673280
-0.221230 0.205681 -0.447228
-0.853230 -5.352380 1.361375
-0.527010 -0.369302 -2.152965
-12.182414 4.921633 -3.779222
-0.274728 0.164555 -0.438968
1.690904 -1.802815 0.154482
-0.095046 1.665252 -0.313681
28.404703 1.371442 107.317825
0.372246 1.122733 4.062527
-2.636181 -1.962561 1.010977
4.655363 1.888176 -1.355656
-0.077790 0.437064 1.254299
-0.353546 -1.206336 -1.152766
-0.339940 -4.752814 1.286929
0.079890 0.448775 1.509562
-0.379145 -0.102259 1.112895
-0.662296 -3.810475 0.752648
-0.568958 -4.639034 1.335642
2.814639 -5.379551 -0.245802
1.621919 -2.513750 -0.281451
2.274280 -2.965689 -0.662526
-0.552569 -0.189830 -1.115240
1.263198 -2.619725 -0.554415
-0.761451 -6.844920 1.812312
-0.293863 -0.543570 0.230782
-0.365826 0.012360 -0.895879
0.143064 -0.317424 0.464874
-1.253711 1.167830 0.626515
0.525927 1.029466 2.652695
-0.192073 -0.354134 -0.103492
4.008983 -4.055654 -1.310725
-3.488866 -0.302520 -0.481980
-1.230522 -5.500111 1.612100
-0.190022 0.279938 -0.432982
-2.249565 0.604274 -0.368083
0.187297 0.405059 0.710966
64.735470 17.659105 -18.220552
-9.703445 4.756994 1.667854
9.459967 -1.166588 4.760170
-1.390449 3.008461 1.196581
0.399528 -0.330774 0.116408
5.321944 2.567289 -1.971204
-0.872803 -0.167940 -4.110979
-5.246791 -11.165005 5.392727
-1.680221 -2.653031 0.424922
1.528831 -4.550561 1.614231
2.126763 -0.207088 0.582287
8.408026 2.264650 -2.488973
1.187476 -3.414932 0.077802
-1.436183 -9.113761 2.586039
-3.233514 -6.073092 1.994181
2.357454 -2.133605 -0.272366
-1.826117 0.365927 -8.829006
-0.325377 0.320017 -0.479379
-1.277617 1.170108 -0.265368
-0.888176 -0.285806 -2.024217
-0.316486 0.175369 -1.099055
-1.294566 1.308632 -0.598471
2.257186 -9.012848 0.095138
-0.319573 0.100565 0.118753
0.082612 0.212113 -0.111082
642.325531 2671.242343 -765.656020
-0.444187 -4.715359 0.578810
-0.006446 -3.445301 0.025434
5.473510 -0.579417 -0.695500
0.625549 1.890377 7.102387
0.418795 -3.479868 -0.153080
-0.664379 1.832098 -0.442563
0.075697 3.447377 -0.666163
-0.182968 0.284466 -0.105160
9.117014 -4.059170 -3.479525
4.301792 0.358229 -1.229311
2.930366 -1.268777 -0.539678
0.116240 0.224959 0.242086
-0.193214 0.187506 0.005391
-0.556782 0.157368 -1.683794
-0.737779 -5.205437 1.710332
-0.166624 0.145117 -0.358498
-9.347037 1.161971 -4.708023
-0.426843 0.171976 -2.841676
-2.644571 -8.910702 3.161619
-1.149417 -12.276188 -2.655609
0.186045 0.459606 1.973223
-0.718566 -7.410777 1.925523
-0.503967 1.839777 -4.936610
0.060360 1.151151 -4.211631
-0.218567 -0.180994 -0.212858
-5.079781 -5.814291 1.985396
-0.384269 0.074141 -0.785745
-0.966988 -0.460730 -2.837880
0.132802 0.293773 0.613791
0.159516 0.520358 1.430889
-0.578757 -0.069975 -1.423441
3.759937 1.935383 -1.422673
7.873420 -0.527203 -0.975709
0.387900 -0.908309 0.946631
0.068157 0.290605 -0.136317
7.905069 -5.398466 -1.664588
-0.520640 0.375652 -1.441666
0.700646 1.111125 1.415918
-1.359008 -0.707766 -3.421642
0.214430 0.334278 0.514107
-0.293760 0.152289 -0.234758
1.909738 -1.152454 -0.485648
0.344517 0.373686 1.553409
8.944773 -1.776383 -3.691298
-0.482061 -3.208268 0.540864
14.928457 9.246160 -6.340440
4.546469 -1.576816 -0.915524
5.716082 -1.306906 -1.293539
0.089059 0.703044 1.799470
-23.897260 -11.906703 6.962459
-0.389487 0.220892 -1.410452
-0.178939 0.331392 0.492324
0.198245 -0.798518 0.365919
-0.113358 0.930911 -4.195309
-0.048247 0.266806 -0.189513
0.787572 -0.360221 2.358572
-0.042039 0.067626 -0.141542
6.888082 2.068858 -2.185405
1.734535 0.121443 5.682058
1.458385 -2.474721 0.062278
-1.940892 -8.943394 1.569337
-0.516521 -0.074300 -2.364909
2.135663 -3.587947 -0.685938
1.779742 -1.238523 -0.292586
-5.061531 -6.936927 -0.594534
1.244200 0.446729 0.306644
-1.549154 -1.493812 -5.559113
-1.089518 -7.376408 2.008452
0.041164 0.439800 1.942844
-0.209824 0.243078 -0.163805
-0.376306 -4.715952 -0.577034
-0.536066 0.160469 -0.753765
-0.759063 -0.636432 -2.983870
0.561117 -0.303955 0.352858
1.681467 -8.566381 1.602089
-0.939139 -0.681529 -0.168982
-1.261520 1.295788 -0.206397
0.081223 0.517609 0.416255
4.979533 2.043094 -1.771439
-0.283300 0.187941 -0.359129
1.559793 0.872565 4.779327
-5.807450 -6.999331 2.949470
-0.156140 0.317281 0.525164
-0.269460 0.272304 -0.084834
2.467698 -3.071701 -0.486550
0.247181 3.594128 -1.019721
0.022066 -0.634240 -1.661350
4.000507 1.347298 -1.324119
-0.235008 -3.859346 0.864468
-117.147101 -39.409327 37.450165
1.733865 2.052067 6.925503
5.900012 2.908483 1.186595
-0.855236 -6.293543 1.458166
-0.159646 0.331142 -0.697394
21.022686 6.196766 -4.663559
-0.998706 -0.322538 -3.112922
0.392067 0.115432 1.566669
-96.413695 -0.105130 25.962290
0.266750 -1.319824 -1.280557
-0.147576 0.244393 -0.626535
-1.191154 -0.798577 -1.525126
36.958353 1.382820 -12.508428
0.041180 0.274028 -0.119896
-1.624752 2.180618 -1.358095
-0.441665 5.168903 -2.337915
5.728592 5.091078 27.703832
7.688050 -10.350717 6.011675
-0.623429 -0.709663 -2.315127
1.206163 -3.217458 0.728694
-0.138044 0.908304 -2.191775
2.200467 0.260628 -2.662488
-0.449544 -3.746499 1.222064
-0.211974 0.247912 -0.835119
-0.644331 -0.331390 -1.402607
48.351459 80.463150 -31.991835
-0.537681 -0.040919 -0.983695
-8.510429 -8.906102 7.186973
4.354124 -3.974892 -0.075828
1.897150 -1.966366 0.021866
-5.219241 -0.159720 0.235790
0.639376 -0.265232 0.739654
0.813242 0.968958 3.756216
1.561352 -3.649278 -0.419907
0.305736 0.246391 0.418488
-0.348133 -0.174380 -0.295014
0.187387 0.400177 1.588664
-1.790482 -0.790669 0.618686
-0.157651 0.392141 0.326399
-0.574408 -4.616593 1.344699
-0.263295 0.187862 -0.160225
-0.645561 -0.191719 -1.660291
-70.151631 50.980376 -35.032355
2.782237 -2.126959 -0.201156
-5.667835 -6.530987 3.130405
-20.908735 -23.762483 11.186106
-0.438826 0.283271 -1.688132
-0.997370 -0.515025 -4.626880
14.712959 -0.824572 -3.997037
4.088953 2.120003 -1.025782
0.290657 0.149578 1.442316
3.008709 1.008010 0.310930
-5.468048 -2.845312 0.958131
-0.706769 0.026484 -2.887884
0.130675 0.458157 1.202706
1.623226 -3.802995 0.226050
0.150259 -0.616259 0.442519
-0.526410 0.118959 -1.005590
-0.236828 0.236633 -0.606419
1.827622 -3.757857 0.561604
0.715410 -6.587808 1.919175
-9.302351 -3.358544 1.983657
1.196983 -2.939148 -0.419162
14.673507 6.212508 -4.742894
-0.315723 -0.100024 -0.510712
0.037269 0.565059 1.125186
0.407362 0.903085 2.504435
0.893693 -0.342801 -2.268183
0.183161 -0.356989 0.603201
4.057556 0.409034 -1.130281
-0.004175 0.319579 0.442409
-70.460530 -69.571497 36.029531
-2.773145 -1.089115 -12.339318
-0.429154 -0.005861 -0.728016
7.035361 0.682605 -2.997497
-0.489762 -0.041694 -0.823778
-2.423704 -0.430479 0.236324
-0.353062 0.262384 -0.275239
0.871954 -2.741064 0.455104
2.562318 -2.064847 -0.074940
0.097001 0.576288 1.090679
0.338486 1.148955 3.507357
7.899743 0.596025 -1.550207
-0.175764 0.126493 -0.132947
-0.465401 0.131952 0.086770
0.589786 2.049921 5.363129
-0.251460 -0.151583 -0.486764
0.502938 2.552863 2.810738
-0.748101 -0.318727 -2.423390
-2.215535 -5.889357 1.499249
-0.321901 0.232799 -0.046677
4.057141 -2.311867 -0.797253
-2.172016 -11.337868 2.667593
-0.139931 0.198769 -0.180902
2.879333 -2.080863 -0.275569
1.646620 1.996279 -0.335432
803.613756 112.338070 2362.575380
-0.895855 -0.429945 -3.145309
-0.372020 0.047221 0.839690
-0.314702 0.310174 0.124773
2.397179 -2.373909 -0.151824
0.289213 -0.643184 -1.274731
-1.722964 2.308886 0.293920
1.635625 -4.701182 0.592760
-1.582721 -2.546928 0.073144
-0.460373 -0.800823 -2.522444
1.433240 -3.932448 -0.062853
-0.459207 0.145221 -0.868433
0.434782 0.225251 1.465258
-2.927787 -3.389470 0.429780
-2.365296 5.221227 3.159920
-0.716486 -0.757036 -2.598216
25.494045 -15.300285 -4.909152
-0.198469 0.353136 0.362497
0.381163 0.565004 1.600463
-2.477246 0.624481 -1.237052
-0.780198 -0.113236 -1.592701
2.713017 -2.146829 -0.488247
-0.073767 0.260267 -0.222121
0.118637 0.399198 1.437202
-3.326690 -1.102773 0.698044
0.596399 0.551900 -0.137795
2.313012 -2.038522 -0.167839
-0.523573 0.399081 -1.379135
1.876684 -2.588334 0.239688
26.502167 5.810318 -9.806183
-0.554938 4.412193 0.177665
3.987804 -0.278358 -0.663794
0.804344 1.165313 4.961587
0.132465 0.237224 0.442638
2.133963 -1.603110 -0.342711
-9.369031 -9.529220 4.668716
-0.558802 0.054622 -0.848048
2.312696 -1.777528 -0.333660
0.106771 0.675339 6.582608
7.373359 -5.124929 -3.574663
0.106364 0.283661 0.503959
4.272732 -2.604999 -1.177810
55.771418 30.577781 165.008057
-0.301237 0.447112 0.367621
-0.543423 0.267386 -2.050038
-0.177006 -0.816640 0.904039
3.067793 4.198552 12.117670
-1.086883 -5.565178 2.044010
6.621968 -3.948437 -2.131780
-0.116716 0.487450 1.093443
-4.389927 5.303174 1.704055
23.088603 8.567199 -7.355461
-0.267321 1.399305 -5.381073
-0.464290 -0.025359 -0.929947
0.318112 -0.093603 0.661324
0.467044 -1.452198 7.410030
-21.331523 0.763361 5.728145
-4.006656 -0.183917 -0.749373
0.543169 0.853926 3.824146
-0.760722 0.189082 -3.799095
0.135641 0.421411 0.418160
3.394882 -1.496179 -0.549644
2.143926 -3.829903 -0.568518
-12.937223 32.637397 6.547007
0.747665 -0.407824 -0.196894
8.055784 2.704361 -1.644950
2.319443 -2.045488 -0.120435
0.093004 0.406788 0.970685
-16.969443 -0.000154 5.969810
1.413169 -3.166064 0.197435
0.058522 0.478852 0.989438
-9.187522 3.753665 -3.546319
-0.496266 -1.002388 -3.547632
1.693485 -3.526241 -0.354927
5.858691 -0.532533 -1.554519
0.800306 1.355627 4.040398
-1.044221 -5.124725 1.416115
-0.291563 0.175375 0.129677
-0.142590 0.281589 1.192309
8.675131 -6.300210 -1.561632
-8.494371 -41.346881 13.185481
-1.051502 -0.465078 -3.433495
-0.564900 -0.816811 1.129074
8.949255 1.015024 -3.342543
-0.126604 -0.334594 -0.259155
1.076874 1.462062 5.909853
-0.553573 0.001848 0.856880
0.027523 2.028510 -0.729044
-0.108651 0.399326 0.049374
-5.730689 7.027305 3.848866
0.001663 0.352770 0.010880
0.041027 0.480295 1.314649
-0.239289 0.196380 -0.317243
2.353559 -0.342377 -0.507425
1.729917 0.888519 0.364748
2.213582 -1.887388 -0.239404
-0.328086 0.317323 -0.286460
-0.638691 -0.597145 0.326429
-0.903044 -1.836759 -1.420530
0.114625 0.409787 0.927465
-2.064772 -4.784297 1.361542
0.899966 -0.532721 -4.442670
0.148000 -0.984708 1.035633
-1.396257 -3.151739 0.054954
125.434333 6.716457 -35.151145
-0.221990 0.233354 -0.278518
-3.024756 5.075335 3.938242
-0.253511 0.243796 0.331229
-43.476307 -43.600321 15.200922
-0.361533 0.138611 -0.691979
4.943506 0.634768 -0.927524
1.106493 0.848030 -1.019006
-0.327572 0.231347 -0.173608
0.138911 -0.813949 0.411589
0.109499 0.274660 0.462115
-2.456871 3.962768 0.828791
0.028701 0.525108 1.068498
0.571576 1.508578 3.632467
1.896431 -3.285145 -0.741006
0.402367 0.345186 1.016276
0.087130 0.397721 0.434798
2.461688 -2.316237 -0.130858
-1.272962 0.145030 0.563775
0.179383 0.222085 0.424433
3.869324 0.817665 0.171412
0.587347 -0.433754 -0.384895
41.752941 -3.564630 -12.914290
1.972699 3.574523 -0.823602
4.387579 0.358770 -0.459037
-0.201083 0.117067 -0.187470
-4.030352 4.202973 0.893358
26.023986 10.371400 -10.069022
-0.251381 -0.317718 -1.218583
-2.889579 -6.065958 1.175824
-35.163769 -46.358940 172.111411
0.233096 1.685266 0.352846
4.668646 -0.418999 -1.063949
1.309644 -3.322189 0.497657
-0.592567 0.178899 -2.177455
0.673441 0.228250 -1.126594
44.415671 -51.329950 -133.285143
-6.297060 -3.871283 0.923705
0.826537 0.911686 4.019925
-0.330370 0.291094 -0.144586
-0.932430 -0.370138 -2.922853
3.489292 -2.441218 0.109651
-0.211083 -0.140937 -1.440962
-0.556055 -6.564262 1.122641
0.000303 -3.865030 0.906035
-2.089616 8.104571 5.098636
-1.189164 0.510538 1.492259
-0.244362 0.290539 -0.208162
-43.779674 -53.010155 15.388761
-4.764321 0.092255 0.210146
-0.213497 0.149480 -0.072080
0.278622 0.608257 1.351358
-2.613474 -1.476142 0.083411
-0.288960 0.143358 -0.066150
1.906167 -1.834159 -0.042710
2.216187 -2.025007 -0.016013
-0.066957 0.232365 0.313017
0.480798 -0.535494 -0.737382
0.961184 3.234869 -0.523493
-1.107403 -0.287026 0.197014
-0.432868 2.143088 0.304005
2.566878 -1.452318 -0.812295
-0.742941 -0.409081 -2.107461
-0.119023 0.214861 0.379035
-7.447913 6.749848 -3.119121
-1.086998 -0.588130 -2.334935
16.887336 11.553476 -6.334125
6.724055 7.171576 -3.312841
5.015181 0.935292 1.325643
-19.544790 31.872535 -14.348695
0.365634 0.780465 3.110067
-0.248041 0.120916 -0.197344
1.167360 -3.405528 1.035894
0.016249 0.411704 1.151258
1.226052 -3.245986 0.291743
2.731025 1.190090 0.237683
8.990443 0.290212 -2.507958
-0.176791 0.224270 -0.374358
-0.423690 0.270506 0.881233
-1.008753 0.362283 1.749340
0.084934 0.453795 0.905011
-6.478845 -2.148117 1.760467
-0.174288 0.102198 -0.059922
1.333776 -7.739103 -17.249503
1.845415 -2.488281 -0.338260
0.993243 -3.439792 6.701033
-0.392608 0.106089 -1.926019
-0.084745 0.389937 -0.725093
2.085715 -2.014872 -0.132547
-0.432104 0.160862 -1.192286
0.805208 3.604655 -0.500867
-0.446734 -0.315702 -1.686779
-0.350515 -1.994960 0.122723
0.087633 0.241831 0.014131
-0.893201 -0.901903 -3.619883
-0.552385 -4.100146 1.041242
4.158321 -0.488777 -1.196215
2.219209 -1.886329 -0.010141
2.318451 -2.705617 -0.204887
-0.124262 -4.897175 0.642588
4.719440 1.296002 -1.150380
-1.544987 -0.177307 -4.985450
-1.116040 -0.171869 -3.848029
1.422684 0.514315 3.452308
0.367387 -0.422806 -1.810193
-395.608849 -500.453570 236.461124
-0.949566 -0.089752 -3.443296
-0.104846 0.097416 0.137524
7.146649 3.420741 -2.604449
0.075878 0.446804 1.049375
0.820837 -2.440258 0.513105
-0.486787 0.507560 -1.950421
-0.798772 -0.304504 -2.672646
-0.006450 0.207246 0.413219
21.663073 15.491937 -7.343466
1.972595 -1.514510 0.178218
-5.655014 -6.817745 3.403006
-0.903443 -5.017247 1.488931
-16.429553 -18.528371 4.677441
0.842312 -2.314086 0.302567
-0.245413 0.122048 -0.101991
1.991212 -5.965200 -1.137687
-0.397446 -0.022956 -1.169903
4.529607 1.795424 -1.036073
3.775124 -3.452014 -0.087789
